                                                  The MEANS Procedure

 Variable           Mean     Std Dev     Minimum   Lower Quartile      Median   Upper Quartile     Maximum
 ---------------------------------------------------------------------------------------------------------
 age              23.000       4.825      15.000           19.000      22.000           26.000      34.000
 lwt             120.500      21.174      91.000          104.000     120.000          130.000     182.000
 ---------------------------------------------------------------------------------------------------------

                                                  The MEANS Procedure

                                                          Analysis Variable : low

                                      N
race    smoke    ptl    ht    ui    Obs       Mean      Std Dev      Minimum      Lower Quartile      Median      Upper Quartile      Maximum
---------------------------------------------------------------------------------------------------------------------------------------------
1       0        0      0     0       4      0.750        0.500        0.000               0.500       1.000               1.000        1.000

                        1     0       1      1.000            .        1.000               1.000       1.000               1.000        1.000

        1        0      0     0      10      0.300        0.483        0.000               0.000       0.000               1.000        1.000

                              1       2      0.000        0.000        0.000               0.000       0.000               0.000        0.000

                        1     0       1      1.000            .        1.000               1.000       1.000               1.000        1.000

                 2      0     1       1      1.000            .        1.000               1.000       1.000               1.000        1.000

2       0        0      0     0       2      0.500        0.707        0.000               0.000       0.500               1.000        1.000

                              1       2      0.500        0.707        0.000               0.000       0.500               1.000        1.000

3       0        0      0     0      10      0.500        0.527        0.000               0.000       0.500               1.000        1.000

                              1       2      0.500        0.707        0.000               0.000       0.500               1.000        1.000

                        1     0       2      0.500        0.707        0.000               0.000       0.500               1.000        1.000

                 1      0     1       1      0.000            .        0.000               0.000       0.000               0.000        0.000

                        1     0       1      1.000            .        1.000               1.000       1.000               1.000        1.000

        1        0      0     0       1      1.000            .        1.000               1.000       1.000               1.000        1.000
---------------------------------------------------------------------------------------------------------------------------------------------

                                                           Analysis Variable : age

                                      N
race    smoke    ptl    ht    ui    Obs        Mean      Std Dev      Minimum      Lower Quartile      Median      Upper Quartile      Maximum
----------------------------------------------------------------------------------------------------------------------------------------------
1       0        0      0     0       4      25.750        4.924       22.000              23.000      24.000              28.500       33.000

                        1     0       1      34.000            .       34.000              34.000      34.000              34.000       34.000

        1        0      0     0      10      24.100        4.408       18.000              20.000      25.000              28.000       30.000

                              1       2      19.500        2.121       18.000              18.000      19.500              21.000       21.000

                        1     0       1      21.000            .       21.000              21.000      21.000              21.000       21.000

                 2      0     1       1      19.000            .       19.000              19.000      19.000              19.000       19.000

2       0        0      0     0       2      19.000        5.657       15.000              15.000      19.000              23.000       23.000

                              1       2      23.000        5.657       19.000              19.000      23.000              27.000       27.000

3       0        0      0     0      10      21.500        4.950       16.000              19.000      20.500              23.000       33.000

                              1       2      22.500        3.536       20.000              20.000      22.500              25.000       25.000

                        1     0       2      23.000        1.414       22.000              22.000      23.000              24.000       24.000

                 1      0     1       1      30.000            .       30.000              30.000      30.000              30.000       30.000

                        1     0       1      26.000            .       26.000              26.000      26.000              26.000       26.000

        1        0      0     0       1      17.000            .       17.000              17.000      17.000              17.000       17.000
----------------------------------------------------------------------------------------------------------------------------------------------

                                                            Analysis Variable : lwt

                                      N
race    smoke    ptl    ht    ui    Obs         Mean      Std Dev      Minimum      Lower Quartile       Median      Upper Quartile      Maximum
------------------------------------------------------------------------------------------------------------------------------------------------
1       0        0      0     0       4      128.000       13.392      115.000             116.500      128.000             139.500      141.000

                        1     0       1      133.000            .      133.000             133.000      133.000             133.000      133.000

        1        0      0     0      10      109.600       12.972       92.000             100.000      109.000             120.000      130.000

                              1       2      107.500        0.707      107.000             107.000      107.500             108.000      108.000

                        1     0       1      165.000            .      165.000             165.000      165.000             165.000      165.000

                 2      0     1       1       91.000            .       91.000              91.000       91.000              91.000       91.000

2       0        0      0     0       2      114.000       22.627       98.000              98.000      114.000             130.000      130.000

                              1       2      156.000       36.770      130.000             130.000      156.000             182.000      182.000

3       0        0      0     0      10      121.000       21.150       95.000             103.000      124.000             130.000      155.000

                              1       2      125.000        7.071      120.000             120.000      125.000             130.000      130.000

                        1     0       2      113.500       26.163       95.000              95.000      113.500             132.000      132.000

                 1      0     1       1      107.000            .      107.000             107.000      107.000             107.000      107.000

                        1     0       1      154.000            .      154.000             154.000      154.000             154.000      154.000

        1        0      0     0       1      120.000            .      120.000             120.000      120.000             120.000      120.000
------------------------------------------------------------------------------------------------------------------------------------------------

                                                  The MEANS Procedure

                                               Analysis Variable : low

             N
   race    Obs       Mean      Std Dev      Minimum      Lower Quartile      Median      Upper Quartile      Maximum
   -----------------------------------------------------------------------------------------------------------------
   1        19      0.474        0.513        0.000               0.000       0.000               1.000        1.000
   2         4      0.500        0.577        0.000               0.000       0.500               1.000        1.000
   3        17      0.529        0.514        0.000               0.000       1.000               1.000        1.000
   -----------------------------------------------------------------------------------------------------------------

                                                Analysis Variable : age

             N
   race    Obs        Mean      Std Dev      Minimum      Lower Quartile      Median      Upper Quartile      Maximum
   ------------------------------------------------------------------------------------------------------------------
   1        19      24.053        4.938       18.000              20.000      24.000              28.000       34.000
   2         4      21.000        5.164       15.000              17.000      21.000              25.000       27.000
   3        17      22.294        4.634       16.000              19.000      21.000              25.000       33.000
   ------------------------------------------------------------------------------------------------------------------

                                                Analysis Variable : lwt

            N
  race    Obs         Mean      Std Dev      Minimum      Lower Quartile       Median      Upper Quartile      Maximum
  --------------------------------------------------------------------------------------------------------------------
  1        19      116.421       18.995       91.000             100.000      115.000             130.000      165.000
  2         4      135.000       34.775       98.000             114.000      130.000             156.000      182.000
  3        17      121.647       19.659       95.000             105.000      124.000             130.000      155.000
  --------------------------------------------------------------------------------------------------------------------
